YYYY MM q1q2q3q4q5 q6q7q8q9q0 d1d2d3d4d5
1990 01 2719 728 6 1418171513 2429302322
1990 02 12 9 81013  3 6112126 1620231719
1990 03 17 4161031  7 9 3 8 5 2130262512
1990 04  1 8 6 719  5 416 221 1012111417
1990 05 161417 615 12 72824 1 2627102218
1990 06 20173016 5 21 422 2 3 121413 9 7
1990 07 252423 9 1 1722 731 2 2829201910
1990 08  5 9 81028 25 412 711 2326222130
1990 09  2 3302927  4 828 910 111615 122
1990 10  1 82818 2 1727 72523 1011121531
1990 11  6 514 424 1315222325 2716281718
1990 12 1019112622 292128 7 2  42413 530
1991 01  7 6141922 3029212028 2412312515
1991 02 181716 3 6  424201926  12328 911
1991 03 291115 314 1618 431 2 2425262730
1991 04 20111316 8 1514211023 29 4 33028
1991 05 1118201219  6 5 72115 31 2251417
1991 06 1629142827 1520 32230  5131011 1
1991 07  526312829 24 727 630 13 914 817
1991 08 1013262524  82329 9 7 192012 231
1991 09 2321171824 1622201215 25 1 92728
1991 10 1615121713 14181911 9 292831 2 1
1991 11 2726282512  713302429  9 1 82119
1991 12  6 7221525  826 531 9 1727292128
1992 01 24232519 9 182621 722 1311161230
1992 02 1615 511 6 2814131219  3 9202127
1992 03 19142013 6 1528 7 327 23 9172421
1992 04 1112171610 27 914 213  3 6 8 720
1992 05 17161415 6  526312120 101122 9 8
1992 06  416 6 217  3 51420 1  829123011
1992 07 11 72619 9 29 418 8 6 2213 12823
1992 08  31731 225 2830181210 2322 520 7
1992 09  127241312 2114262023 1710 929 3
1992 10 2423 5 321 25 4 8 722 121527 129
1992 11 2029272818 1921172616  923 4 215
1992 12 2625 616 5 2212272313 2928 817 9
1993 01 2329222821 24 1271618 31 3 4 210
1993 02 152627 616  525142419  8 11722 9
1993 03  526 63119 2723251029  924111516
1993 04 27 3 22826 11 1192425  5 4211315
1993 05 2523212422 263011 431  910 82817
1993 06 21161828 1 1720192215  4 524 710
1993 07 1417162624 18 6 52515  2 3 11129
1993 08 14 1 22325 1130132124 1627 41718
1993 09  118101917  9 2162211 13 314 429
1993 10 15 7302016  3 521 4 2  927251011
1993 11 1230 22824 2211172527  4 51918 6
1993 12  929281314 3012 62711  2 8 3 116
1994 01 10 924 5 7 25 4 82321 12171314 1
1994 02 24 1182627 2817 323 2 21 8 6 722
1994 03  4293126 5 27 6 12820  9 7 81015
1994 04 3028272629  122242025  317 4 9 2
1994 05 2721202213 2326191217  230 3 529
1994 06 2324251615 2217 9 821 2926 212 3
1994 07 12101326 8 1120 522 9 1614 2 115
1994 08  8 4 230 7  6 3 9 529 1314121511
1994 09 30 423 220 22 3181924  7 9 82627
1994 10 21 1272817 1816192620  3302329 7
1994 11 25232412 8 1622181317  6262720 4
1994 12 312221 418 1930 51417 24 6 21525
1995 01 2826152724 14 1192512 3017 31829
1995 02 25222410 9 2321 52017 1328121411
1995 03 2122 7 819 1820 62425 1213 12611
1995 04  321 41516 301417 619  7 827 910
1995 05  121151027 1422112829  3 2 51630
1995 06 1312 824 9 1711151427 1930 1 320
1995 07 1011 6 512  721 813 2 162417 118
1995 08 3121 6 130 28 420 2 5 14 8 92510
1995 09 291822 1 2 19 3263025  827 511 6
1995 10 2829 12625 1527141617  420 8 718
1995 11 242521 915 2614161323  1 627 2 5
1995 12  813301829  7112820 6 242216 1 4
1996 01  9 81011 7 23 4 125 6 1314291520
1996 02  6 321 4 5  1 719 9 8 1124252623
1996 03  7 2 6 130 311529 5 3 2111201324
1996 04  7 6262829  22530 824 1714191218
1996 05 1828 723 6 1211 910 2 131420 416
1996 06 13142522 1  3 91226 2  619291718
1996 07 10 9271124 2919 62316 31 828 3 5
1996 08  810191211 182221 7 4 2925302728
1996 09  330 2 6 1  5 829 7 9 2010212612
1996 10  6 5 72627 15 117 425 19222318 9
1996 11 30 2 3 123  811 71622 1413151817
1996 12 19 620 5 1  828262724 10111516 4
1997 01 16 617 4 3  523241514 1028261127
1997 02 1920 413 7 15 11425 5 28271011 9
1997 03  910201923  411213114 292826 112
1997 04 2815262729 20 814 925 1117212218
1997 05 1213232919 22 9 721 8 15 127 216
1997 06 21141318 5 1124172030  927 8 7 3
1997 07 14121329 1  826 511 6 31 71524 9
1997 08 26 6 51923 273125 2 8  328142913
1997 09 2519 726 2  12423 520  31018 9 4
1997 10  519152116  61418 422  110252427
1997 11 29272821 2 2025122619 2322 7 614
1997 12 27 82813 9 2526221429 30101118 5
1998 01 152826 423 14 3 51913  730 62031
1998 02 26 616 724  225 5 315 18111728 9
1998 03  8 919 718  32324 617 1021112915
1998 04  1 515 229  61319 318 2426251017
1998 05 14311328 6 1927152226  4 3 2 529
1998 06 17283029 1 2713181112 2624 7 610
1998 07 14 8272015 19261310 7 23163124 6
1998 08 17 9161815  32113 2 5 27 626 728
1998 09 141628 420  515 610 7 252418 126
1998 10 16 514 4 6 2615131231 19 2 7 121
1998 11 1112 1 2 4 172221 310  9 81314 7
1998 12 1718271321 3124 8 222 112926 525
1999 01 311930 326 1218111721 13142315 8
1999 02  1 226 920 162721 310 1819121117
1999 03 2216242720 2117232826  1 41029 7
1999 04 1513222325 24 9261814 1720293028
1999 05 1117312216 29 4 8 910 1813 125 2
1999 06 2114222030  62519 511 272826 9 8
1999 07  417 51916 18 9101311 30 2312221
1999 08 14 32110 2 11 5 812 1 2023241718
1999 09 2524 6 5 8 20 9 21119 1322271612
1999 10 20 7 61930 18 9 8 3 1 2212102314
1999 11 27262915 4  5 3 22820 13 7 8 911
1999 12 2221261423 201915 2 1 31 413 5 6
2000 01 211718 9 8 1916151025 28 1291123
2000 02 1819 41720 222916 2 1 12 614 724
2000 03 15162627 4 2128 91713 31 112 7 8
2000 04 2614221825 1523131211  7 6 41624
2000 05  81120 721 10 41819 9 2425172329
2000 06 3016 92517 21 2201929  8261423 5
2000 07  2 724 625  9 821 127 1514162011
2000 08 2225181926 20 917 827 12112928 5
2000 09 101411 922 23 329 513 1817301916
2000 10 20 821 9 6 27 7251226  5 4142913
2000 11 171615 3 2 1418302325  629 72710
2000 12 1531142030  21621 513 23 8 9 710